#! FIELDS time phi_B sigma_phi_B height
#! SET action OPES_METAD_state
#! SET biasfactor       15.51901452103752
#! SET epsilon   6.251309894495081e-08
#! SET kernel_cutoff        5.75984196294383
#! SET compression_threshold                       1
#! SET zed     0.06941165396392636
#! SET sum_weights       10514.55318498451
#! SET sum_weights2       61024.26388624759
#! SET counter  9201
#! SET min_phi_B -pi
#! SET max_phi_B pi
      9200.000436976552      1.233991611803847      0.059107932243449       1202.50684089002
      9200.000436976552       1.01313178536619    0.05836317040809316      458.4076289098378
      9200.000436976552      1.436973907917035    0.07019902600067096      1447.067841841373
      9200.000436976552     0.9007526703699715    0.05405694434515748      198.1903423621151
      9200.000436976552      2.077923076972457    0.04941254105219366      1.110729429106064
      9200.000436976552      1.896094163147103    0.05389190618516886      21.43172991981188
      9200.000436976552      1.128035074976378    0.05695869232123838      714.5145427052652
      9200.000436976552      1.584518899909166    0.06639790237677468      621.3345985573127
      9200.000436976552     0.3262760505108058    0.04762119900542426      9.445498240154835
      9200.000436976552    0.04939852237682729       0.05004924856309     0.9782367756252845
      9200.000436976552     0.1450474883696511    0.04819057454731446      2.576177011631475
      9200.000436976552     0.4935816706244682     0.0484205956425568      24.08106856765537
      9200.000436976552    -0.1005574776240891    0.04901971139566341     0.2054733062058824
      9200.000436976552    -0.4928122403392513    0.05081225617701778    0.01911512606883679
      9200.000436976552     -1.560064264586875    0.04898295027651262      5426.140521398412
      9200.000436976552     -1.649964438957666     0.0485647066624921      7524.891726795714
      9200.000436976552     -1.963184797316936    0.05044862750730227      1939.367717567363
      9200.000436976552     -2.239308977357104    0.04954776532076801      185.4741177945184
      9200.000436976552     -2.059746088055855    0.04863827247992938      742.8246668835108
      9200.000436976552     -1.241632346084403      0.044745383119337      95.10783128931442
      9200.000436976552     -1.751733078445884    0.05101476434965044      7335.124297546859
      9200.000436976552     -1.857864016108473    0.05098052893427693      4061.995445716595
      9200.000436976552     -1.411197305094224    0.04577818323445053      1697.448535852338
      9200.000436976552     -2.735507501738231    0.04904870571419775      31.80008232099388
      9200.000436976552     -3.009358944803709    0.04920830124718661      4.111898427130605
      9200.000436976552      3.094132649382261    0.04833956634044005     0.7212526665828051
      9200.000436976552     -2.420220276699596    0.04926596254959347      72.40169827296029
      9200.000436976552      -2.33224425788841    0.04968888529857848      86.57759974925504
      9200.000436976552     -2.653521551489498    0.04747313115077927      35.84055865215579
      9200.000436976552     -1.009632611822549    0.04720857286968565     0.4745997158332264
      9200.000436976552     -1.322153889004603    0.04505669217949425       454.183105965983
      9200.000436976552    -0.6685254500759831    0.05283596061297317    0.01514191393133593
      9200.000436976552    -0.2670821489461355    0.05005903706859969    0.06676047373204087
      9200.000436976552     0.6409379407176276    0.04717240277318628      53.36479611858837
      9200.000436976552      1.811872851820269    0.05468320577114496       64.2312805977074
      9200.000436976552       1.71016366808898    0.05695187238200638      211.2699530128939
      9200.000436976552      2.337262941910227    0.04848831889036061     0.1194707897542888
      9200.000436976552      1.987006651238306    0.05054587172210617      5.778854311205759
      9200.000436976552      1.327752050279776    0.05195418268297486      1040.481809710435
      9200.000436976552      0.717839224594329    0.04838301577742467      65.66170553590757
      9200.000436976552       2.16351194471038    0.04811158192502876     0.5775613549851201
      9200.000436976552       2.86485311117392    0.04680761376224457    0.06723548773914775
      9200.000436976552      2.527023480246365    0.05088521194652818    0.02461927678450375
      9200.000436976552      -1.10608977489824    0.04425168697480877      5.386244742031458
      9200.000436976552     -3.094097318818905    0.04928211034820686      2.613524098913187
      9200.000436976552     -2.825379916756931    0.04912471927988125      16.26436075063281
      9200.000436976552     -2.918293622238657    0.04812184504712535       8.51125604260173
      9200.000436976552     -2.509426504935371    0.04901943114993439      53.57749450736217
      9200.000436976552    -0.7887130734472934    0.05410399519910486    0.02412042971377793
      9200.000436976552      3.007447693834399    0.04699963945761717     0.3026270230386912
      9200.000436976552       2.72775032475737    0.04736550006727341    0.03389135946308926
      9200.000436976552      2.429016957648095    0.04873291321321816    0.04487923239658028
      9200.000436976552      -2.15483459302796    0.04808368551868158      259.6742362676641
      9200.000436976552    -0.3964243241649363    0.05050336586083048    0.02630454691392656
      9200.000436976552    -0.1837439301854373      0.048049392504052     0.1382280931180695
      9200.000436976552     0.4140249922858217    0.04742663859299835      19.91882959561041
      9200.000436976552     0.2361329573185235    0.04959891397525651      4.814579612023773
      9200.000436976552     0.5670298607329183     0.0472727161257688      34.63091269316049
      9200.000436976552    -0.8919504051288641    0.04697253036273536     0.0533053793495942
      9200.000436976552      0.807958312559733    0.04882953995939669      140.4416194002922
      9200.000436976552      2.246828788999317     0.0488130681813229     0.2797932949795381
      9200.000436976552      2.638593416106221    0.05010029323647641    0.02104346140925124
      9200.000436976552    -0.5750760946766624    0.04591919795386554   0.009744563690409436
      9200.000436976552   -0.02544474396679045    0.04817629331089549     0.2392283444853841
      9200.000436976552      2.793469275936458     0.0457729826159819    0.03668131214926938
      9200.000436976552      2.939560865033077    0.04533056519413943     0.1046150007262886
      9200.000436976552     -2.584999835208368     0.0456103163757253      34.10307204478704
      9200.000436976552     -1.169801665681992    0.04143611570896332      14.85720468469195
      9200.000436976552    -0.3371603791006195    0.04445612609693083    0.01840176132850471
      9200.000436976552     -1.487253774737718    0.04150939194156742      2240.875116430746
      9200.000436976552    -0.9555474682759241     0.0376184671874941    0.03362421216550033
